Sample	0	1	2	3	4	5	6	7	8	9	10	11	12	13	14	15	16	17	18	19	20	21	22	23	24	25	26	27	28	29	30	31	32	33	34	35	36	37	38	39	40	41	42	43	44	45	46	47	48	49	50	51	52	53	54
SRR1552444	(1, 0.2)	(2, 0.0)	(3, 0.0)	(4, 0.0)	(5, 0.0)	(6, 0.0)	(7, 0.0)	(8, 0.0)	(9, 0.0)	(10, 0.0)	(12, 0.0)	(14, 0.0)	(16, 0.0)	(18, 0.0)	(20, 0.0)	(22, 0.0)	(24, 0.0)	(26, 0.35000000000000003)	(28, 0.0)	(30, 0.0)	(32, 0.0)	(34, 0.0)	(36, 0.0)	(38, 0.0)	(40, 0.0)	(42, 0.0)	(44, 0.0)	(46, 0.0)	(48, 0.0)	(50, 0.0)	(52, 0.0)	(54, 0.0)	(56, 0.0)	(58, 0.0)	(60, 0.0)	(62, 0.0)	(64, 0.0)	(66, 0.0)	(68, 0.0)	(70, 0.0)	(72, 7.049999999999999)	(74, 1.05)	(76, 5.6000000000000005)	(78, 1.7500000000000002)	(80, 5.0)	(82, 0.4)	(84, 0.5)	(86, 0.0)	(88, 0.0)	(90, 0.0)	(92, 0.0)	(94, 0.0)	(96, 0.0)	(98, 0.05)	(100, 0.0)
SRR1552445	(1, 0.3)	(2, 0.0)	(3, 0.0)	(4, 0.0)	(5, 0.0)	(6, 0.0)	(7, 0.0)	(8, 0.0)	(9, 0.0)	(10, 0.0)	(12, 0.0)	(14, 0.0)	(16, 0.0)	(18, 0.0)	(20, 0.0)	(22, 0.0)	(24, 0.0)	(26, 0.2)	(28, 0.0)	(30, 0.0)	(32, 0.0)	(34, 0.0)	(36, 0.0)	(38, 0.0)	(40, 0.0)	(42, 0.0)	(44, 0.0)	(46, 0.0)	(48, 0.0)	(50, 0.0)	(52, 0.0)	(54, 0.0)	(56, 0.0)	(58, 0.0)	(60, 0.0)	(62, 0.0)	(64, 0.0)	(66, 0.0)	(68, 0.0)	(70, 0.0)	(72, 6.1)	(74, 0.65)	(76, 4.5)	(78, 1.4500000000000002)	(80, 4.0)	(82, 0.35000000000000003)	(84, 0.35000000000000003)	(86, 0.0)	(88, 0.0)	(90, 0.0)	(92, 0.0)	(94, 0.0)	(96, 0.0)	(98, 0.1)	(100, 0.0)
SRR1552446	(1, 0.0)	(2, 0.0)	(3, 0.0)	(4, 0.0)	(5, 0.0)	(6, 0.0)	(7, 0.0)	(8, 0.0)	(9, 0.0)	(10, 0.0)	(12, 0.0)	(14, 0.0)	(16, 0.0)	(18, 0.0)	(20, 0.0)	(22, 0.0)	(24, 0.0)	(26, 0.4)	(28, 0.0)	(30, 0.0)	(32, 0.0)	(34, 0.0)	(36, 0.0)	(38, 0.0)	(40, 0.0)	(42, 0.0)	(44, 0.0)	(46, 0.0)	(48, 0.0)	(50, 0.0)	(52, 0.0)	(54, 0.0)	(56, 0.0)	(58, 0.0)	(60, 0.0)	(62, 0.0)	(64, 0.0)	(66, 0.0)	(68, 0.0)	(70, 0.0)	(72, 7.6499999999999995)	(74, 1.0)	(76, 5.75)	(78, 2.1)	(80, 5.1)	(82, 0.5499999999999999)	(84, 0.5499999999999999)	(86, 0.0)	(88, 0.0)	(90, 0.0)	(92, 0.0)	(94, 0.0)	(96, 0.0)	(98, 0.0)	(100, 0.0)
SRR1552447	(1, 0.2)	(2, 0.0)	(3, 0.0)	(4, 0.0)	(5, 0.0)	(6, 0.0)	(7, 0.0)	(8, 0.0)	(9, 0.0)	(10, 0.0)	(12, 0.0)	(14, 0.0)	(16, 0.0)	(18, 0.0)	(20, 0.0)	(22, 0.0)	(24, 0.0)	(26, 0.15)	(28, 0.0)	(30, 0.0)	(32, 0.0)	(34, 0.0)	(36, 0.0)	(38, 0.0)	(40, 0.0)	(42, 0.0)	(44, 0.0)	(46, 0.0)	(48, 0.0)	(50, 0.0)	(52, 0.0)	(54, 0.0)	(56, 0.0)	(58, 0.0)	(60, 0.0)	(62, 0.0)	(64, 0.0)	(66, 0.0)	(68, 0.0)	(70, 0.0)	(72, 5.949999999999999)	(74, 0.65)	(76, 4.45)	(78, 1.25)	(80, 4.15)	(82, 0.3)	(84, 0.25)	(86, 0.0)	(88, 0.0)	(90, 0.0)	(92, 0.0)	(94, 0.0)	(96, 0.0)	(98, 0.05)	(100, 0.0)
SRR1552448	(1, 0.2)	(2, 0.0)	(3, 0.0)	(4, 0.0)	(5, 0.0)	(6, 0.0)	(7, 0.0)	(8, 0.0)	(9, 0.0)	(10, 0.0)	(12, 0.0)	(14, 0.0)	(16, 0.0)	(18, 0.0)	(20, 0.0)	(22, 0.0)	(24, 0.0)	(26, 0.3)	(28, 0.0)	(30, 0.0)	(32, 0.0)	(34, 0.0)	(36, 0.0)	(38, 0.0)	(40, 0.0)	(42, 0.0)	(44, 0.0)	(46, 0.0)	(48, 0.0)	(50, 0.0)	(52, 0.0)	(54, 0.0)	(56, 0.0)	(58, 0.0)	(60, 0.0)	(62, 0.0)	(64, 0.0)	(66, 0.0)	(68, 0.0)	(70, 0.0)	(72, 7.5)	(74, 0.95)	(76, 5.7)	(78, 2.45)	(80, 5.050000000000001)	(82, 0.44999999999999996)	(84, 0.44999999999999996)	(86, 0.0)	(88, 0.0)	(90, 0.0)	(92, 0.0)	(94, 0.0)	(96, 0.0)	(98, 0.1)	(100, 0.0)
SRR1552449	(1, 0.3)	(2, 0.0)	(3, 0.0)	(4, 0.0)	(5, 0.0)	(6, 0.0)	(7, 0.0)	(8, 0.0)	(9, 0.0)	(10, 0.0)	(12, 0.0)	(14, 0.0)	(16, 0.0)	(18, 0.0)	(20, 0.0)	(22, 0.0)	(24, 0.0)	(26, 0.25)	(28, 0.0)	(30, 0.0)	(32, 0.0)	(34, 0.0)	(36, 0.0)	(38, 0.0)	(40, 0.0)	(42, 0.0)	(44, 0.0)	(46, 0.0)	(48, 0.0)	(50, 0.0)	(52, 0.0)	(54, 0.0)	(56, 0.0)	(58, 0.0)	(60, 0.0)	(62, 0.0)	(64, 0.0)	(66, 0.0)	(68, 0.0)	(70, 0.0)	(72, 6.950000000000001)	(74, 0.7000000000000001)	(76, 4.8)	(78, 1.55)	(80, 4.6)	(82, 0.3)	(84, 0.3)	(86, 0.0)	(88, 0.0)	(90, 0.0)	(92, 0.0)	(94, 0.0)	(96, 0.0)	(98, 0.05)	(100, 0.0)
SRR1552450	(1, 0.2)	(2, 0.0)	(3, 0.0)	(4, 1.0999999999999999)	(5, 0.0)	(6, 0.0)	(7, 0.0)	(8, 0.0)	(9, 0.0)	(10, 0.0)	(12, 0.0)	(14, 0.0)	(16, 0.0)	(18, 0.0)	(20, 0.0)	(22, 0.0)	(24, 0.0)	(26, 0.0)	(28, 0.0)	(30, 0.0)	(32, 0.0)	(34, 0.0)	(36, 0.0)	(38, 0.0)	(40, 0.0)	(42, 0.0)	(44, 0.0)	(46, 0.05)	(48, 0.05)	(50, 0.0)	(52, 0.0)	(54, 0.0)	(56, 0.0)	(58, 0.0)	(60, 0.0)	(62, 0.0)	(64, 0.0)	(66, 0.0)	(68, 0.0)	(70, 0.0)	(72, 0.05)	(74, 0.35000000000000003)	(76, 0.05)	(78, 0.05)	(80, 0.0)	(82, 0.0)	(84, 0.0)	(86, 0.0)	(88, 0.0)	(90, 0.0)	(92, 0.0)	(94, 0.0)	(96, 0.0)	(98, 0.05)	(100, 0.0)
SRR1552451	(1, 0.4)	(2, 0.0)	(3, 0.0)	(4, 1.0)	(5, 0.0)	(6, 0.0)	(7, 0.0)	(8, 0.0)	(9, 0.0)	(10, 0.0)	(12, 0.0)	(14, 0.0)	(16, 0.0)	(18, 0.0)	(20, 0.0)	(22, 0.0)	(24, 0.0)	(26, 0.0)	(28, 0.0)	(30, 0.0)	(32, 0.0)	(34, 0.0)	(36, 0.0)	(38, 0.0)	(40, 0.0)	(42, 0.0)	(44, 0.0)	(46, 0.0)	(48, 0.0)	(50, 0.0)	(52, 0.0)	(54, 0.0)	(56, 0.0)	(58, 0.0)	(60, 0.0)	(62, 0.0)	(64, 0.0)	(66, 0.0)	(68, 0.0)	(70, 0.0)	(72, 0.0)	(74, 0.3)	(76, 0.0)	(78, 0.0)	(80, 0.0)	(82, 0.0)	(84, 0.0)	(86, 0.0)	(88, 0.0)	(90, 0.0)	(92, 0.0)	(94, 0.0)	(96, 0.0)	(98, 0.1)	(100, 0.0)
SRR1552452	(1, 0.0)	(2, 0.0)	(3, 0.0)	(4, 1.3)	(5, 0.0)	(6, 0.0)	(7, 0.0)	(8, 0.0)	(9, 0.0)	(10, 0.0)	(12, 0.0)	(14, 0.0)	(16, 0.0)	(18, 0.0)	(20, 0.0)	(22, 0.0)	(24, 0.0)	(26, 0.0)	(28, 0.0)	(30, 0.0)	(32, 0.0)	(34, 0.0)	(36, 0.0)	(38, 0.0)	(40, 0.0)	(42, 0.0)	(44, 0.0)	(46, 0.0)	(48, 0.0)	(50, 0.0)	(52, 0.0)	(54, 0.0)	(56, 0.0)	(58, 0.0)	(60, 0.0)	(62, 0.0)	(64, 0.0)	(66, 0.0)	(68, 0.0)	(70, 0.0)	(72, 0.0)	(74, 0.6)	(76, 0.0)	(78, 0.0)	(80, 0.0)	(82, 0.0)	(84, 0.0)	(86, 0.0)	(88, 0.0)	(90, 0.0)	(92, 0.0)	(94, 0.0)	(96, 0.0)	(98, 0.0)	(100, 0.0)
SRR1552453	(1, 0.1)	(2, 0.0)	(3, 0.0)	(4, 0.8)	(5, 0.0)	(6, 0.0)	(7, 0.0)	(8, 0.0)	(9, 0.0)	(10, 0.0)	(12, 0.0)	(14, 0.0)	(16, 0.0)	(18, 0.0)	(20, 0.0)	(22, 0.0)	(24, 0.0)	(26, 0.05)	(28, 0.0)	(30, 0.0)	(32, 0.0)	(34, 0.0)	(36, 0.0)	(38, 0.0)	(40, 0.0)	(42, 0.0)	(44, 0.0)	(46, 0.05)	(48, 0.2)	(50, 0.1)	(52, 0.05)	(54, 0.0)	(56, 0.0)	(58, 0.0)	(60, 0.0)	(62, 0.0)	(64, 0.0)	(66, 0.0)	(68, 0.0)	(70, 0.0)	(72, 0.15)	(74, 0.3)	(76, 0.2)	(78, 0.2)	(80, 0.05)	(82, 0.0)	(84, 0.05)	(86, 0.0)	(88, 0.0)	(90, 0.0)	(92, 0.0)	(94, 0.0)	(96, 0.0)	(98, 0.0)	(100, 0.0)
SRR1552454	(1, 0.2)	(2, 0.0)	(3, 0.0)	(4, 1.0999999999999999)	(5, 0.0)	(6, 0.0)	(7, 0.0)	(8, 0.0)	(9, 0.0)	(10, 0.0)	(12, 0.0)	(14, 0.0)	(16, 0.0)	(18, 0.0)	(20, 0.0)	(22, 0.05)	(24, 0.0)	(26, 0.15)	(28, 0.0)	(30, 0.0)	(32, 0.0)	(34, 0.0)	(36, 0.0)	(38, 0.0)	(40, 0.0)	(42, 0.0)	(44, 0.0)	(46, 0.15)	(48, 0.5)	(50, 0.3)	(52, 0.2)	(54, 0.0)	(56, 0.05)	(58, 0.0)	(60, 0.0)	(62, 0.0)	(64, 0.0)	(66, 0.0)	(68, 0.0)	(70, 0.0)	(72, 0.3)	(74, 0.7000000000000001)	(76, 0.5)	(78, 0.44999999999999996)	(80, 0.15)	(82, 0.0)	(84, 0.15)	(86, 0.0)	(88, 0.0)	(90, 0.0)	(92, 0.0)	(94, 0.0)	(96, 0.0)	(98, 0.0)	(100, 0.0)
SRR1552455	(1, 0.2)	(2, 0.0)	(3, 0.0)	(4, 1.5)	(5, 0.0)	(6, 0.0)	(7, 0.0)	(8, 0.0)	(9, 0.0)	(10, 0.0)	(12, 0.0)	(14, 0.0)	(16, 0.0)	(18, 0.0)	(20, 0.0)	(22, 0.0)	(24, 0.0)	(26, 0.0)	(28, 0.0)	(30, 0.0)	(32, 0.0)	(34, 0.0)	(36, 0.0)	(38, 0.0)	(40, 0.0)	(42, 0.0)	(44, 0.0)	(46, 0.0)	(48, 0.05)	(50, 0.0)	(52, 0.0)	(54, 0.0)	(56, 0.0)	(58, 0.0)	(60, 0.0)	(62, 0.0)	(64, 0.0)	(66, 0.0)	(68, 0.0)	(70, 0.0)	(72, 0.0)	(74, 0.5499999999999999)	(76, 0.05)	(78, 0.0)	(80, 0.0)	(82, 0.0)	(84, 0.0)	(86, 0.0)	(88, 0.0)	(90, 0.0)	(92, 0.0)	(94, 0.0)	(96, 0.0)	(98, 0.1)	(100, 0.0)
