Sample	0	1	2	3	4	5	6	7	8	9	10	11	12	13	14	15	16	17	18	19	20	21	22	23	24	25	26	27	28	29	30	31	32	33	34	35	36	37	38	39	40	41	42	43	44	45	46	47	48	49	50	51	52	53	54
SRR1552444	(1, 0.20020020020020018)	(2, 0.0)	(3, 0.0)	(4, 0.0)	(5, 0.0)	(6, 0.0)	(7, 0.0)	(8, 0.0)	(9, 0.0)	(10, 0.0)	(12, 0.0)	(14, 0.0)	(16, 0.0)	(18, 0.0)	(20, 0.0)	(22, 0.0)	(24, 0.0)	(26, 0.35035035035035034)	(28, 0.0)	(30, 0.0)	(32, 0.0)	(34, 0.0)	(36, 0.0)	(38, 0.0)	(40, 0.0)	(42, 0.0)	(44, 0.0)	(46, 0.0)	(48, 0.0)	(50, 0.0)	(52, 0.0)	(54, 0.0)	(56, 0.0)	(58, 0.0)	(60, 0.0)	(62, 0.0)	(64, 0.0)	(66, 0.0)	(68, 0.0)	(70, 0.0)	(72, 6.388459556929418)	(74, 0.9287925696594427)	(76, 4.961240310077519)	(78, 1.5025906735751295)	(80, 4.458268532918611)	(82, 0.3115264797507788)	(84, 0.41601664066562666)	(86, 0.0)	(88, 0.0)	(90, 0.0)	(92, 0.0)	(94, 0.0)	(96, 0.0)	(98, 0.0)	(100, 0.0)
SRR1552445	(1, 0.3)	(2, 0.0)	(3, 0.0)	(4, 0.0)	(5, 0.0)	(6, 0.0)	(7, 0.0)	(8, 0.0)	(9, 0.0)	(10, 0.0)	(12, 0.0)	(14, 0.0)	(16, 0.0)	(18, 0.0)	(20, 0.0)	(22, 0.0)	(24, 0.0)	(26, 0.20030045067601399)	(28, 0.0)	(30, 0.0)	(32, 0.0)	(34, 0.0)	(36, 0.0)	(38, 0.0)	(40, 0.0)	(42, 0.0)	(44, 0.0)	(46, 0.0)	(48, 0.0)	(50, 0.0)	(52, 0.0)	(54, 0.0)	(56, 0.0)	(58, 0.0)	(60, 0.0)	(62, 0.0)	(64, 0.0)	(66, 0.0)	(68, 0.0)	(70, 0.0)	(72, 5.715756951596292)	(74, 0.5693581780538302)	(76, 4.2012448132780085)	(78, 1.4004149377593362)	(80, 3.6844836533471716)	(82, 0.31185031185031187)	(84, 0.31217481789802287)	(86, 0.0)	(88, 0.0)	(90, 0.0)	(92, 0.0)	(94, 0.0)	(96, 0.0)	(98, 0.0)	(100, 0.0)
SRR1552446	(1, 0.0)	(2, 0.0)	(3, 0.0)	(4, 0.0)	(5, 0.0)	(6, 0.0)	(7, 0.0)	(8, 0.0)	(9, 0.0)	(10, 0.0)	(12, 0.0)	(14, 0.0)	(16, 0.0)	(18, 0.0)	(20, 0.0)	(22, 0.0)	(24, 0.0)	(26, 0.4)	(28, 0.0)	(30, 0.0)	(32, 0.0)	(34, 0.0)	(36, 0.0)	(38, 0.0)	(40, 0.0)	(42, 0.0)	(44, 0.0)	(46, 0.0)	(48, 0.0)	(50, 0.0)	(52, 0.0)	(54, 0.0)	(56, 0.0)	(58, 0.0)	(60, 0.0)	(62, 0.0)	(64, 0.0)	(66, 0.0)	(68, 0.0)	(70, 0.0)	(72, 6.867845993756504)	(74, 0.9370119729307652)	(76, 5.265901981230448)	(78, 2.035490605427975)	(80, 4.649947753396029)	(82, 0.5238344683080147)	(84, 0.5260389268805892)	(86, 0.0)	(88, 0.0)	(90, 0.0)	(92, 0.0)	(94, 0.0)	(96, 0.0)	(98, 0.0)	(100, 0.0)
SRR1552447	(1, 0.20020020020020018)	(2, 0.0)	(3, 0.0)	(4, 0.0)	(5, 0.0)	(6, 0.0)	(7, 0.0)	(8, 0.0)	(9, 0.0)	(10, 0.0)	(12, 0.0)	(14, 0.0)	(16, 0.0)	(18, 0.0)	(20, 0.0)	(22, 0.0)	(24, 0.0)	(26, 0.15030060120240482)	(28, 0.0)	(30, 0.0)	(32, 0.0)	(34, 0.0)	(36, 0.0)	(38, 0.0)	(40, 0.0)	(42, 0.0)	(44, 0.0)	(46, 0.0)	(48, 0.0)	(50, 0.0)	(52, 0.0)	(54, 0.0)	(56, 0.0)	(58, 0.0)	(60, 0.0)	(62, 0.0)	(64, 0.0)	(66, 0.0)	(68, 0.0)	(70, 0.0)	(72, 5.705552725420275)	(74, 0.6639427987742594)	(76, 4.343382728666326)	(78, 1.2269938650306749)	(80, 4.042988741044012)	(82, 0.30721966205837176)	(84, 0.2564102564102564)	(86, 0.0)	(88, 0.0)	(90, 0.0)	(92, 0.0)	(94, 0.0)	(96, 0.0)	(98, 0.0)	(100, 0.0)
SRR1552448	(1, 0.2)	(2, 0.0)	(3, 0.0)	(4, 0.0)	(5, 0.0)	(6, 0.0)	(7, 0.0)	(8, 0.0)	(9, 0.0)	(10, 0.0)	(12, 0.0)	(14, 0.0)	(16, 0.0)	(18, 0.0)	(20, 0.0)	(22, 0.0)	(24, 0.0)	(26, 0.3)	(28, 0.0)	(30, 0.0)	(32, 0.0)	(34, 0.0)	(36, 0.0)	(38, 0.0)	(40, 0.0)	(42, 0.0)	(44, 0.0)	(46, 0.0)	(48, 0.0)	(50, 0.0)	(52, 0.0)	(54, 0.0)	(56, 0.0)	(58, 0.0)	(60, 0.0)	(62, 0.0)	(64, 0.0)	(66, 0.0)	(68, 0.0)	(70, 0.0)	(72, 7.128205128205129)	(74, 0.8740359897172237)	(76, 5.401234567901234)	(78, 2.366255144032922)	(80, 4.845360824742269)	(82, 0.4639175257731959)	(84, 0.46487603305785125)	(86, 0.0)	(88, 0.0)	(90, 0.0)	(92, 0.0)	(94, 0.0)	(96, 0.0)	(98, 0.0)	(100, 0.0)
SRR1552449	(1, 0.3)	(2, 0.0)	(3, 0.0)	(4, 0.0)	(5, 0.0)	(6, 0.0)	(7, 0.0)	(8, 0.0)	(9, 0.0)	(10, 0.0)	(12, 0.0)	(14, 0.0)	(16, 0.0)	(18, 0.0)	(20, 0.0)	(22, 0.0)	(24, 0.0)	(26, 0.2502502502502503)	(28, 0.0)	(30, 0.0)	(32, 0.0)	(34, 0.0)	(36, 0.0)	(38, 0.0)	(40, 0.0)	(42, 0.0)	(44, 0.0)	(46, 0.0)	(48, 0.0)	(50, 0.0)	(52, 0.0)	(54, 0.0)	(56, 0.0)	(58, 0.0)	(60, 0.0)	(62, 0.0)	(64, 0.0)	(66, 0.0)	(68, 0.0)	(70, 0.0)	(72, 6.8437180796731365)	(74, 0.6653019447287616)	(76, 4.7082906857727735)	(78, 1.5353121801432956)	(80, 4.505888376856118)	(82, 0.25614754098360654)	(84, 0.25667351129363447)	(86, 0.0)	(88, 0.0)	(90, 0.0)	(92, 0.0)	(94, 0.0)	(96, 0.0)	(98, 0.0)	(100, 0.0)
SRR1552450	(1, 0.2)	(2, 0.0)	(3, 0.0)	(4, 1.0999999999999999)	(5, 0.0)	(6, 0.0)	(7, 0.0)	(8, 0.0)	(9, 0.0)	(10, 0.0)	(12, 0.0)	(14, 0.0)	(16, 0.0)	(18, 0.0)	(20, 0.0)	(22, 0.0)	(24, 0.0)	(26, 0.0)	(28, 0.0)	(30, 0.0)	(32, 0.0)	(34, 0.0)	(36, 0.0)	(38, 0.0)	(40, 0.0)	(42, 0.0)	(44, 0.0)	(46, 0.05022601707684581)	(48, 0.05030181086519115)	(50, 0.0)	(52, 0.0)	(54, 0.0)	(56, 0.0)	(58, 0.0)	(60, 0.0)	(62, 0.0)	(64, 0.0)	(66, 0.0)	(68, 0.0)	(70, 0.0)	(72, 0.05091649694501018)	(74, 0.3564154786150713)	(76, 0.05096839959225281)	(78, 0.05102040816326531)	(80, 0.0)	(82, 0.0)	(84, 0.0)	(86, 0.0)	(88, 0.0)	(90, 0.0)	(92, 0.0)	(94, 0.0)	(96, 0.0)	(98, 0.0)	(100, 0.0)
SRR1552451	(1, 0.4)	(2, 0.0)	(3, 0.0)	(4, 1.0)	(5, 0.0)	(6, 0.0)	(7, 0.0)	(8, 0.0)	(9, 0.0)	(10, 0.0)	(12, 0.0)	(14, 0.0)	(16, 0.0)	(18, 0.0)	(20, 0.0)	(22, 0.0)	(24, 0.0)	(26, 0.0)	(28, 0.0)	(30, 0.0)	(32, 0.0)	(34, 0.0)	(36, 0.0)	(38, 0.0)	(40, 0.0)	(42, 0.0)	(44, 0.0)	(46, 0.0)	(48, 0.0)	(50, 0.0)	(52, 0.0)	(54, 0.0)	(56, 0.0)	(58, 0.0)	(60, 0.0)	(62, 0.0)	(64, 0.0)	(66, 0.0)	(68, 0.0)	(70, 0.0)	(72, 0.0)	(74, 0.30721966205837176)	(76, 0.0)	(78, 0.0)	(80, 0.0)	(82, 0.0)	(84, 0.0)	(86, 0.0)	(88, 0.0)	(90, 0.0)	(92, 0.0)	(94, 0.0)	(96, 0.0)	(98, 0.0)	(100, 0.0)
SRR1552452	(1, 0.0)	(2, 0.0)	(3, 0.0)	(4, 1.3)	(5, 0.0)	(6, 0.0)	(7, 0.0)	(8, 0.0)	(9, 0.0)	(10, 0.0)	(12, 0.0)	(14, 0.0)	(16, 0.0)	(18, 0.0)	(20, 0.0)	(22, 0.0)	(24, 0.0)	(26, 0.0)	(28, 0.0)	(30, 0.0)	(32, 0.0)	(34, 0.0)	(36, 0.0)	(38, 0.0)	(40, 0.0)	(42, 0.0)	(44, 0.0)	(46, 0.0)	(48, 0.0)	(50, 0.0)	(52, 0.0)	(54, 0.0)	(56, 0.0)	(58, 0.0)	(60, 0.0)	(62, 0.0)	(64, 0.0)	(66, 0.0)	(68, 0.0)	(70, 0.0)	(72, 0.0)	(74, 0.6207966890843248)	(76, 0.0)	(78, 0.0)	(80, 0.0)	(82, 0.0)	(84, 0.0)	(86, 0.0)	(88, 0.0)	(90, 0.0)	(92, 0.0)	(94, 0.0)	(96, 0.0)	(98, 0.0)	(100, 0.0)
SRR1552453	(1, 0.1)	(2, 0.0)	(3, 0.0)	(4, 0.8)	(5, 0.0)	(6, 0.0)	(7, 0.0)	(8, 0.0)	(9, 0.0)	(10, 0.0)	(12, 0.0)	(14, 0.0)	(16, 0.0)	(18, 0.0)	(20, 0.0)	(22, 0.0)	(24, 0.0)	(26, 0.05012531328320802)	(28, 0.0)	(30, 0.0)	(32, 0.0)	(34, 0.0)	(36, 0.0)	(38, 0.0)	(40, 0.0)	(42, 0.0)	(44, 0.0)	(46, 0.05040322580645161)	(48, 0.202122283981809)	(50, 0.10111223458038424)	(52, 0.05058168942842691)	(54, 0.0)	(56, 0.0)	(58, 0.0)	(60, 0.0)	(62, 0.0)	(64, 0.0)	(66, 0.0)	(68, 0.0)	(70, 0.0)	(72, 0.15368852459016394)	(74, 0.3076923076923077)	(76, 0.20554984583761562)	(78, 0.20597322348094746)	(80, 0.05167958656330749)	(82, 0.0)	(84, 0.05186721991701245)	(86, 0.0)	(88, 0.0)	(90, 0.0)	(92, 0.0)	(94, 0.0)	(96, 0.0)	(98, 0.0)	(100, 0.0)
SRR1552454	(1, 0.2)	(2, 0.0)	(3, 0.0)	(4, 1.0999999999999999)	(5, 0.0)	(6, 0.0)	(7, 0.0)	(8, 0.0)	(9, 0.0)	(10, 0.0)	(12, 0.0)	(14, 0.0)	(16, 0.0)	(18, 0.0)	(20, 0.0)	(22, 0.050050050050050046)	(24, 0.0)	(26, 0.1002004008016032)	(28, 0.0)	(30, 0.0)	(32, 0.0)	(34, 0.0)	(36, 0.0)	(38, 0.0)	(40, 0.0)	(42, 0.0)	(44, 0.0)	(46, 0.1006036217303823)	(48, 0.4024144869215292)	(50, 0.2014098690835851)	(52, 0.10085728693898136)	(54, 0.0)	(56, 0.0)	(58, 0.0)	(60, 0.0)	(62, 0.0)	(64, 0.0)	(66, 0.0)	(68, 0.0)	(70, 0.0)	(72, 0.2044989775051125)	(74, 0.6141248720573182)	(76, 0.4094165813715456)	(78, 0.35860655737704916)	(80, 0.1026167265264238)	(82, 0.0)	(84, 0.102880658436214)	(86, 0.0)	(88, 0.0)	(90, 0.0)	(92, 0.0)	(94, 0.0)	(96, 0.0)	(98, 0.0)	(100, 0.0)
SRR1552455	(1, 0.20020020020020018)	(2, 0.0)	(3, 0.0)	(4, 1.5015015015015014)	(5, 0.0)	(6, 0.0)	(7, 0.0)	(8, 0.0)	(9, 0.0)	(10, 0.0)	(12, 0.0)	(14, 0.0)	(16, 0.0)	(18, 0.0)	(20, 0.0)	(22, 0.0)	(24, 0.0)	(26, 0.0)	(28, 0.0)	(30, 0.0)	(32, 0.0)	(34, 0.0)	(36, 0.0)	(38, 0.0)	(40, 0.0)	(42, 0.0)	(44, 0.0)	(46, 0.0)	(48, 0.05040322580645161)	(50, 0.0)	(52, 0.0)	(54, 0.0)	(56, 0.0)	(58, 0.0)	(60, 0.0)	(62, 0.0)	(64, 0.0)	(66, 0.0)	(68, 0.0)	(70, 0.0)	(72, 0.0)	(74, 0.5632360471070148)	(76, 0.05122950819672131)	(78, 0.0)	(80, 0.0)	(82, 0.0)	(84, 0.0)	(86, 0.0)	(88, 0.0)	(90, 0.0)	(92, 0.0)	(94, 0.0)	(96, 0.0)	(98, 0.0)	(100, 0.0)
